1433
900
2114
389
1400
358
2321
1546
1017
1834
1645
1708
1157
356
752
236
1932
1737
666
83
566
45
2352
2172
1152
382
1769
630
1801
1837
490
1729
983
1298
2202
1921
2246
672
1129
1120
1579
1916
1811
1537
1609
1205
866
2332
1206
210
1345
1194
1657
265
2020
2033
193
1002
732
1021
1145
2089
1051
1004
925
1935
2331
1242
2253
1786
1344
1555
2040
1862
271
1944
301
1129
2282
2265
1872
743
179
2183
1842
842
1420
1999
2098
804
1622
724
123
1544
1769
365
315
1159
2266
504
471
1597
1479
674
2237
619
1556
1568
1468
1157
1550
2285
641
544
2233
1927
1536
275
737
370
568
1150
1838
1936
797
353
686
819
1301
459
310
998
118
310
2023
109
1888
2226
1785
1268
425
706
525
988
1799
375
1370
1242
2323
1755
1533
1973
183
636
1302
191
1579
85
692
853
1384
1614
709
622
1996
217
2247
909
210
149
2190
1435
1656
860
209
881
2310
491
437
231
2072
2059
369
591
179
764
1818
54
745
2138
490
1610
844
41
1034
1061
53
54
2253
491
585
930